# id	left	top	right	bottom	texture_id
[SPRITES]
7501	60	62	75	85	10
7502	13	62	28	85	10

#=========================== TURTLE ===================
#WALK_LEFT
7601	6	129	21	155	10
7602	28	129	43	155	10
#WALK_RIGHT
7611	458	129	473	155	40
7612	436	129	451	155	40
#DIE
7621	391	139	408	154	40
#SPIN
7631	308	240	323	255	40
7632	333	240	348	255	40
7633	414	139	429	154	40

# ani_id	sprite1_id	time1	sprite2_id	time2	...
[ANIMATIONS]
7503	7501	100
7504	7502	1000

#TURTLE
76001	7601	100	7602	100
76002	7611	100	7612	100
76003	7621	1000
76004	7633	100	7632	100	7631	100