# list of object assets to load in this scene
[ASSETS]
mario.txt
coin.txt
cloud.txt
brick.txt
background.txt
box.txt
#
[OBJECTS]
# type	x	y	extra_settings per object type
# type: 0 = Mario , 1 = Brick, 2 = Goomba, 3 = Koopas
# See OBJECT_TYPE constants in AssetIDs.h

#Background id, x, y
6	65	225	60003
6	80	225	60005
6	95	225	60005
6	110	225	60005
6	125	225	60006
6	140	225	60007
6	155	225	60005
6	170	225	60004
6	65	210	60003
6	80	210	60006
6	95	210	60007
6	110	210	60005
6	125	210	60004
6	140	210	60003
6	155	210	60006
6	170	210	60002
6	65	195	60001
6	80	195	60007
6	94	195	60004
6	110	195	60001
6	125	195	60002
6	140	195	60001
6	155	195	60002
6	80	180	60001
6	95	180	60002

6	210	225	60011
6	228	225	60011
6	247	225	60011

6	190	70	60024
6	205	70	60025
6	220	70	60025
6	235	70	60026
6	190	55	60021
6	205	55	60022
6	220	55	60022
6	235	55	60023
# MARIO
0	120	10

#BOX
7	400	180	5

#COIN
4	100	120
4	120	120
4	140	120
4	160	120
4	180	120
4	100	100
4	120	100
4	140	100
4	160	100
4	180	100
4	100	80
4	120	80
4	140	80
4	160	80
4	180	80
#Platform
5 	50	240	15	15	100	51000	52000	53000

